"","Rain.Rate","Dust.Rate","Droput.Rate","RTK.Error","Lidar.Error","Stereo.QF","Timed.Out","Anvel.Dropped","Collision","RolledOver","Simulation.Time","Effective.Speed","Point.Cloud.Error","Odometry.Error","Path.Error","Grid.Error","Obstacle.Error","Detection.Range","Random.Seed","Failure"
"Rain.Rate",NA,NA,NA,NA,NA,NA,NA,NA,NA,NA,NA,NA,NA,NA,NA,NA,NA,NA,NA,NA
"Dust.Rate",NA,NA,NA,NA,NA,NA,NA,NA,NA,NA,NA,NA,NA,NA,NA,NA,NA,NA,NA,NA
"Droput.Rate",NA,NA,NA,NA,NA,NA,NA,NA,NA,NA,NA,NA,NA,NA,NA,NA,NA,NA,NA,NA
"RTK.Error",NA,NA,NA,NA,NA,NA,NA,NA,NA,NA,NA,NA,NA,NA,NA,NA,NA,NA,NA,NA
"Lidar.Error",NA,NA,NA,NA,1,NA,NA,NA,0.0245514308070118,0.00446272950908826,0.0215189850953714,-0.0813610450721485,0.999998662477361,NA,-0.0396463211298733,0.303237028967862,0.616012334554568,0.216717952607106,0.992169520692027,0.0237314347480578
"Stereo.QF",NA,NA,NA,NA,NA,NA,NA,NA,NA,NA,NA,NA,NA,NA,NA,NA,NA,NA,NA,NA
"Timed.Out",NA,NA,NA,NA,NA,NA,NA,NA,NA,NA,NA,NA,NA,NA,NA,NA,NA,NA,NA,NA
"Anvel.Dropped",NA,NA,NA,NA,NA,NA,NA,NA,NA,NA,NA,NA,NA,NA,NA,NA,NA,NA,NA,NA
"Collision",NA,NA,NA,NA,0.0245514308070118,NA,NA,NA,1,-0.00690268286942579,-0.750098922712416,-0.0307759549345643,0.024463378796242,NA,-0.184126585815368,0.032906144996061,-0.0977458098317265,0.0545326761341141,0.0197138538650504,0.875391135280316
"RolledOver",NA,NA,NA,NA,0.00446272950908826,NA,NA,NA,-0.00690268286942579,1,-0.0372506075232922,-0.242093459129086,0.00441631925561304,NA,0.251840192887413,0.00495017773628769,-0.0154707043382143,0.0949992145229156,0.00339705225817626,0.477361244090184
"Simulation.Time",NA,NA,NA,NA,0.0215189850953714,NA,NA,NA,-0.750098922712416,-0.0372506075232922,1,-0.595693435160649,0.021615391069136,NA,0.293641544805839,-0.0386022202754085,0.0980833822656035,0.0206199740621603,0.021810498690528,-0.677140927111371
"Effective.Speed",NA,NA,NA,NA,-0.0813610450721485,NA,NA,NA,-0.0307759549345643,-0.242093459129086,-0.595693435160649,1,-0.0813842119427784,NA,-0.298580499290685,0.000605173493094967,-0.0439834421663477,-0.1341735686582,-0.0765280427143196,-0.144078168089664
"Point.Cloud.Error",NA,NA,NA,NA,0.999998662477361,NA,NA,NA,0.024463378796242,0.00441631925561304,0.021615391069136,-0.0813842119427784,1,NA,-0.039679234655694,0.303257251000096,0.615956708033265,0.216696138883606,0.992159705289144,0.023631625012427
"Odometry.Error",NA,NA,NA,NA,NA,NA,NA,NA,NA,NA,NA,NA,NA,NA,NA,NA,NA,NA,NA,NA
"Path.Error",NA,NA,NA,NA,-0.0396463211298733,NA,NA,NA,-0.184126585815368,0.251840192887413,0.293641544805839,-0.298580499290685,-0.039679234655694,NA,1,-0.00967803289782934,-0.184630240605848,0.0899868306540188,-0.0404317511794142,-0.0400508958021457
"Grid.Error",NA,NA,NA,NA,0.303237028967862,NA,NA,NA,0.032906144996061,0.00495017773628769,-0.0386022202754085,0.000605173493094967,0.303257251000096,NA,-0.00967803289782934,1,0.266284402402665,0.0486026416498172,0.298732881635857,0.0313086022331689
"Obstacle.Error",NA,NA,NA,NA,0.616012334554568,NA,NA,NA,-0.0977458098317265,-0.0154707043382143,0.0980833822656035,-0.0439834421663477,0.615956708033265,NA,-0.184630240605848,0.266284402402665,1,0.175384156921334,0.612854231246071,-0.0933709410260227
"Detection.Range",NA,NA,NA,NA,0.216717952607106,NA,NA,NA,0.0545326761341141,0.0949992145229156,0.0206199740621603,-0.1341735686582,0.216696138883606,NA,0.0899868306540188,0.0486026416498172,0.175384156921334,1,0.218530214637798,0.0938445623381528
"Random.Seed",NA,NA,NA,NA,0.992169520692027,NA,NA,NA,0.0197138538650504,0.00339705225817626,0.021810498690528,-0.0765280427143196,0.992159705289144,NA,-0.0404317511794142,0.298732881635857,0.612854231246071,0.218530214637798,1,0.018965343092592
"Failure",NA,NA,NA,NA,0.0237314347480578,NA,NA,NA,0.875391135280316,0.477361244090184,-0.677140927111371,-0.144078168089664,0.023631625012427,NA,-0.0400508958021457,0.0313086022331689,-0.0933709410260227,0.0938445623381528,0.018965343092592,1
