Dust,,,,,,,,,,,,,,,,,,,,
,Rain.Rate,Dust.Rate,Droput.Rate,RTK.Error,Lidar.Error,Stereo.QF,Timed.Out,Anvel.Dropped,Collision,RolledOver,Simulation.Time,Effective.Speed,Point.Cloud.Error,Odometry.Error,Path.Error,Grid.Error,Obstacle.Error,Detection.Range,Random.Seed,Failure
Rain.Rate,NA,NA,NA,NA,NA,NA,NA,NA,NA,NA,NA,NA,NA,NA,NA,NA,NA,NA,NA,NA
Dust.Rate,NA,1,NA,NA,NA,NA,NA,NA,-0.024551431,0.112333379,0.048951372,-0.111261952,0.925937481,-0.023245331,0.113056903,0.024529831,-0.398233506,-0.003234519,0.99210639,0.070356876
Droput.Rate,NA,NA,NA,NA,NA,NA,NA,NA,NA,NA,NA,NA,NA,NA,NA,NA,NA,NA,NA,NA
RTK.Error,NA,NA,NA,NA,NA,NA,NA,NA,NA,NA,NA,NA,NA,NA,NA,NA,NA,NA,NA,NA
Lidar.Error,NA,NA,NA,NA,NA,NA,NA,NA,NA,NA,NA,NA,NA,NA,NA,NA,NA,NA,NA,NA
Stereo.QF,NA,NA,NA,NA,NA,NA,NA,NA,NA,NA,NA,NA,NA,NA,NA,NA,NA,NA,NA,NA
Timed.Out,NA,NA,NA,NA,NA,NA,NA,NA,NA,NA,NA,NA,NA,NA,NA,NA,NA,NA,NA,NA
Anvel.Dropped,NA,NA,NA,NA,NA,NA,NA,NA,NA,NA,NA,NA,NA,NA,NA,NA,NA,NA,NA,NA
Collision,NA,-0.024551431,NA,NA,NA,NA,NA,NA,1,-0.015015479,-0.260303123,-0.052774583,0.06276729,0.474356026,-0.187237693,0.01100455,0.359271998,0.016182686,-0.014073212,0.639752062
RolledOver,NA,0.112333379,NA,NA,NA,NA,NA,NA,-0.015015479,1,0.09641518,-0.487595046,0.093439428,0.040360713,0.221492341,0.088645212,0.196517571,0.047872215,0.110392028,0.758888523
Simulation.Time,NA,0.048951372,NA,NA,NA,NA,NA,NA,-0.260303123,0.09641518,1,-0.745813298,0.055974832,-0.81686548,0.742489359,-0.104155983,-0.237904738,0.006220711,0.046634597,-0.095422592
Effective.Speed,NA,-0.111261952,NA,NA,NA,NA,NA,NA,-0.052774583,-0.487595046,-0.745813298,1,-0.121443814,0.553524841,-0.697073496,0.054875361,0.043534225,-0.009674306,-0.110083244,-0.409170484
Point.Cloud.Error,NA,0.925937481,NA,NA,NA,NA,NA,NA,0.06276729,0.093439428,0.055974832,-0.121443814,1,-0.029875335,0.021181753,0.021716379,-0.358774069,0.002984564,0.919207345,0.112703858
Odometry.Error,NA,-0.023245331,NA,NA,NA,NA,NA,NA,0.474356026,0.040360713,-0.81686548,0.553524841,-0.029875335,1,-0.615733209,0.120346116,0.354401569,0.02307119,-0.018499338,0.339969214
Path.Error,NA,0.113056903,NA,NA,NA,NA,NA,NA,-0.187237693,0.221492341,0.742489359,-0.697073496,0.021181753,-0.615733209,1,-0.072120329,-0.283216636,0.026750607,0.113955183,0.048307295
Grid.Error,NA,0.024529831,NA,NA,NA,NA,NA,NA,0.01100455,0.088645212,-0.104155983,0.054875361,0.021716379,0.120346116,-0.072120329,1,-0.004652202,0.032479193,0.02431378,0.075305937
Obstacle.Error,NA,-0.398233506,NA,NA,NA,NA,NA,NA,0.359271998,0.196517571,-0.237904738,0.043534225,-0.358774069,0.354401569,-0.283216636,-0.004652202,1,0.06027241,-0.391260627,0.385048461
Detection.Range,NA,-0.003234519,NA,NA,NA,NA,NA,NA,0.016182686,0.047872215,0.006220711,-0.009674306,0.002984564,0.02307119,0.026750607,0.032479193,0.06027241,1,-0.004876174,0.047337527
Random.Seed,NA,0.99210639,NA,NA,NA,NA,NA,NA,-0.014073212,0.110392028,0.046634597,-0.110083244,0.919207345,-0.018499338,0.113955183,0.02431378,-0.391260627,-0.004876174,1,0.075689022
Failure,NA,0.070356876,NA,NA,NA,NA,NA,NA,0.639752062,0.758888523,-0.095422592,-0.409170484,0.112703858,0.339969214,0.048307295,0.075305937,0.385048461,0.047337527,0.075689022,1
Rain,,,,,,,,,,,,,,,,,,,,
Rain.Rate,1,NA,NA,NA,NA,NA,NA,NA,0.347011047,NA,-0.333724424,-0.083134116,0.934911772,0.333132483,-0.210476575,0.213409783,-0.05798676,-0.88629158,0.989775274,0.347011047
Dust.Rate,NA,NA,NA,NA,NA,NA,NA,NA,NA,NA,NA,NA,NA,NA,NA,NA,NA,NA,NA,NA
Droput.Rate,NA,NA,NA,NA,NA,NA,NA,NA,NA,NA,NA,NA,NA,NA,NA,NA,NA,NA,NA,NA
RTK.Error,NA,NA,NA,NA,NA,NA,NA,NA,NA,NA,NA,NA,NA,NA,NA,NA,NA,NA,NA,NA
Lidar.Error,NA,NA,NA,NA,NA,NA,NA,NA,NA,NA,NA,NA,NA,NA,NA,NA,NA,NA,NA,NA
Stereo.QF,NA,NA,NA,NA,NA,NA,NA,NA,NA,NA,NA,NA,NA,NA,NA,NA,NA,NA,NA,NA
Timed.Out,NA,NA,NA,NA,NA,NA,NA,NA,NA,NA,NA,NA,NA,NA,NA,NA,NA,NA,NA,NA
Anvel.Dropped,NA,NA,NA,NA,NA,NA,NA,NA,NA,NA,NA,NA,NA,NA,NA,NA,NA,NA,NA,NA
Collision,0.347011047,NA,NA,NA,NA,NA,NA,NA,1,NA,-0.983562184,-0.127274029,0.228094798,0.956572513,-0.543101579,0.119632282,-0.077275783,-0.291565533,0.337344423,1
RolledOver,NA,NA,NA,NA,NA,NA,NA,NA,NA,NA,NA,NA,NA,NA,NA,NA,NA,NA,NA,NA
Simulation.Time,-0.333724424,NA,NA,NA,NA,NA,NA,NA,-0.983562184,NA,1,-0.05259148,-0.216405114,-0.955590979,0.67059553,-0.115611998,0.077211717,0.281118132,-0.323353323,-0.983562184
Effective.Speed,-0.083134116,NA,NA,NA,NA,NA,NA,NA,-0.127274029,NA,-0.05259148,1,-0.070364443,-0.041365775,-0.682520593,-0.023729686,-0.00778526,0.06747143,-0.086520086,-0.127274029
Point.Cloud.Error,0.934911772,NA,NA,NA,NA,NA,NA,NA,0.228094798,NA,-0.216405114,-0.070364443,1,0.220219266,-0.150303815,0.333760962,-0.045985734,-0.920480923,0.928388024,0.228094798
Odometry.Error,0.333132483,NA,NA,NA,NA,NA,NA,NA,0.956572513,NA,-0.955590979,-0.041365775,0.220219266,1,-0.57373104,0.104716289,-0.073367646,-0.279594989,0.323194692,0.956572513
Path.Error,-0.210476575,NA,NA,NA,NA,NA,NA,NA,-0.543101579,NA,0.67059553,-0.682520593,-0.150303815,-0.57373104,1,-0.067826189,0.046279193,0.185827753,-0.202732586,-0.543101579
Grid.Error,0.213409783,NA,NA,NA,NA,NA,NA,NA,0.119632282,NA,-0.115611998,-0.023729686,0.333760962,0.104716289,-0.067826189,1,0.053483565,-0.236406502,0.213380858,0.119632282
Obstacle.Error,-0.05798676,NA,NA,NA,NA,NA,NA,NA,-0.077275783,NA,0.077211717,-0.00778526,-0.045985734,-0.073367646,0.046279193,0.053483565,1,0.123336912,-0.060157402,-0.077275783
Detection.Range,-0.88629158,NA,NA,NA,NA,NA,NA,NA,-0.291565533,NA,0.281118132,0.06747143,-0.920480923,-0.279594989,0.185827753,-0.236406502,0.123336912,1,-0.877540693,-0.291565533
Random.Seed,0.989775274,NA,NA,NA,NA,NA,NA,NA,0.337344423,NA,-0.323353323,-0.086520086,0.928388024,0.323194692,-0.202732586,0.213380858,-0.060157402,-0.877540693,1,0.337344423
Failure,0.347011047,NA,NA,NA,NA,NA,NA,NA,1,NA,-0.983562184,-0.127274029,0.228094798,0.956572513,-0.543101579,0.119632282,-0.077275783,-0.291565533,0.337344423,1
Lidar,,,,,,,,,,,,,,,,,,,,
Rain.Rate,NA,NA,NA,NA,NA,NA,NA,NA,NA,NA,NA,NA,NA,NA,NA,NA,NA,NA,NA,NA
Dust.Rate,NA,NA,NA,NA,NA,NA,NA,NA,NA,NA,NA,NA,NA,NA,NA,NA,NA,NA,NA,NA
Droput.Rate,NA,NA,NA,NA,NA,NA,NA,NA,NA,NA,NA,NA,NA,NA,NA,NA,NA,NA,NA,NA
RTK.Error,NA,NA,NA,NA,NA,NA,NA,NA,NA,NA,NA,NA,NA,NA,NA,NA,NA,NA,NA,NA
Lidar.Error,NA,NA,NA,NA,1,NA,NA,NA,0.024551431,0.00446273,0.021518985,-0.081361045,0.999998662,-0.028764201,-0.039646321,0.303237029,0.616012335,0.216717953,0.992169521,0.023731435
Stereo.QF,NA,NA,NA,NA,NA,NA,NA,NA,NA,NA,NA,NA,NA,NA,NA,NA,NA,NA,NA,NA
Timed.Out,NA,NA,NA,NA,NA,NA,NA,NA,NA,NA,NA,NA,NA,NA,NA,NA,NA,NA,NA,NA
Anvel.Dropped,NA,NA,NA,NA,NA,NA,NA,NA,NA,NA,NA,NA,NA,NA,NA,NA,NA,NA,NA,NA
Collision,NA,NA,NA,NA,0.024551431,NA,NA,NA,1,-0.006902683,-0.750098923,-0.030775955,0.024463379,0.681799572,-0.184126586,0.032906145,-0.09774581,0.054532676,0.019713854,0.875391135
RolledOver,NA,NA,NA,NA,0.00446273,NA,NA,NA,-0.006902683,1,-0.037250608,-0.242093459,0.004416319,0.019076255,0.251840193,0.004950178,-0.015470704,0.094999215,0.003397052,0.477361244
Simulation.Time,NA,NA,NA,NA,0.021518985,NA,NA,NA,-0.750098923,-0.037250608,1,-0.595693435,0.021615391,-0.801854664,0.293641545,-0.03860222,0.098083382,0.020619974,0.021810499,-0.677140927
Effective.Speed,NA,NA,NA,NA,-0.081361045,NA,NA,NA,-0.030775955,-0.242093459,-0.595693435,1,-0.081384212,0.390219735,-0.298580499,0.000605173,-0.043983442,-0.134173569,-0.076528043,-0.144078168
Point.Cloud.Error,NA,NA,NA,NA,0.999998662,NA,NA,NA,0.024463379,0.004416319,0.021615391,-0.081384212,1,-0.028833615,-0.039679235,0.303257251,0.615956708,0.216696139,0.992159705,0.023631625
Odometry.Error,NA,NA,NA,NA,-0.028764201,NA,NA,NA,0.681799572,0.019076255,-0.801854664,0.390219735,-0.028833615,1,-0.204214842,0.025316482,-0.116863735,-0.034700065,-0.028542599,0.6083384
Path.Error,NA,NA,NA,NA,-0.039646321,NA,NA,NA,-0.184126586,0.251840193,0.293641545,-0.298580499,-0.039679235,-0.204214842,1,-0.009678033,-0.184630241,0.089986831,-0.040431751,-0.040050896
Grid.Error,NA,NA,NA,NA,0.303237029,NA,NA,NA,0.032906145,0.004950178,-0.03860222,0.000605173,0.303257251,0.025316482,-0.009678033,1,0.266284402,0.048602642,0.298732882,0.031308602
Obstacle.Error,NA,NA,NA,NA,0.616012335,NA,NA,NA,-0.09774581,-0.015470704,0.098083382,-0.043983442,0.615956708,-0.116863735,-0.184630241,0.266284402,1,0.175384157,0.612854231,-0.093370941
Detection.Range,NA,NA,NA,NA,0.216717953,NA,NA,NA,0.054532676,0.094999215,0.020619974,-0.134173569,0.216696139,-0.034700065,0.089986831,0.048602642,0.175384157,1,0.218530215,0.093844562
Random.Seed,NA,NA,NA,NA,0.992169521,NA,NA,NA,0.019713854,0.003397052,0.021810499,-0.076528043,0.992159705,-0.028542599,-0.040431751,0.298732882,0.612854231,0.218530215,1,0.018965343
Failure,NA,NA,NA,NA,0.023731435,NA,NA,NA,0.875391135,0.477361244,-0.677140927,-0.144078168,0.023631625,0.6083384,-0.040050896,0.031308602,-0.093370941,0.093844562,0.018965343,1
Odometry,,,,,,,,,,,,,,,,,,,,
Rain.Rate,NA,NA,NA,NA,NA,NA,NA,NA,NA,NA,NA,NA,NA,NA,NA,NA,NA,NA,NA,NA
Dust.Rate,NA,NA,NA,NA,NA,NA,NA,NA,NA,NA,NA,NA,NA,NA,NA,NA,NA,NA,NA,NA
Droput.Rate,NA,NA,NA,NA,NA,NA,NA,NA,NA,NA,NA,NA,NA,NA,NA,NA,NA,NA,NA,NA
RTK.Error,NA,NA,NA,1,NA,NA,NA,NA,0.09125499,0.171686804,0.078764014,-0.282963607,NA,0.878070775,0.639382885,0.82783546,0.053528773,-0.205872415,0.989621951,0.173605427
Lidar.Error,NA,NA,NA,NA,NA,NA,NA,NA,NA,NA,NA,NA,NA,NA,NA,NA,NA,NA,NA,NA
Stereo.QF,NA,NA,NA,NA,NA,NA,NA,NA,NA,NA,NA,NA,NA,NA,NA,NA,NA,NA,NA,NA
Timed.Out,NA,NA,NA,NA,NA,NA,NA,NA,NA,NA,NA,NA,NA,NA,NA,NA,NA,NA,NA,NA
Anvel.Dropped,NA,NA,NA,NA,NA,NA,NA,NA,NA,NA,NA,NA,NA,NA,NA,NA,NA,NA,NA,NA
Collision,NA,NA,NA,0.09125499,NA,NA,NA,NA,1,-0.039351685,-0.175469129,-0.067209044,NA,0.128382732,-0.020568095,0.03939829,-0.013351698,0.043829884,0.083716135,0.829856
RolledOver,NA,NA,NA,0.171686804,NA,NA,NA,NA,-0.039351685,1,0.427775865,-0.54678164,NA,0.216725773,0.215852486,0.205263481,0.339291655,-0.113510898,0.166017315,0.524889187
Simulation.Time,NA,NA,NA,0.078764014,NA,NA,NA,NA,-0.175469129,0.427775865,1,-0.747967206,NA,0.102708486,0.104133361,0.097230633,0.793676855,-0.173946123,0.077289348,0.089404449
Effective.Speed,NA,NA,NA,-0.282963607,NA,NA,NA,NA,-0.067209044,-0.54678164,-0.747967206,1,NA,-0.330315543,-0.344921099,-0.296052761,-0.55101979,0.045008208,-0.280224084,-0.362579122
Point.Cloud.Error,NA,NA,NA,NA,NA,NA,NA,NA,NA,NA,NA,NA,NA,NA,NA,NA,NA,NA,NA,NA
Odometry.Error,NA,NA,NA,0.878070775,NA,NA,NA,NA,0.128382732,0.216725773,0.102708486,-0.330315543,NA,1,0.728480072,0.930926794,0.08368326,-0.259765541,0.868745115,0.230382182
Path.Error,NA,NA,NA,0.639382885,NA,NA,NA,NA,-0.020568095,0.215852486,0.104133361,-0.344921099,NA,0.728480072,1,0.689423176,0.031878277,-0.136620411,0.626554801,0.10301369
Grid.Error,NA,NA,NA,0.82783546,NA,NA,NA,NA,0.03939829,0.205263481,0.097230633,-0.296052761,NA,0.930926794,0.689423176,1,0.067327985,-0.320956839,0.820707852,0.148181871
Obstacle.Error,NA,NA,NA,0.053528773,NA,NA,NA,NA,-0.013351698,0.339291655,0.793676855,-0.55101979,NA,0.08368326,0.031878277,0.067327985,1,-0.227547752,0.04796881,0.178090521
Detection.Range,NA,NA,NA,-0.205872415,NA,NA,NA,NA,0.043829884,-0.113510898,-0.173946123,0.045008208,NA,-0.259765541,-0.136620411,-0.320956839,-0.227547752,1,-0.204511811,-0.026050011
Random.Seed,NA,NA,NA,0.989621951,NA,NA,NA,NA,0.083716135,0.166017315,0.077289348,-0.280224084,NA,0.868745115,0.626554801,0.820707852,0.04796881,-0.204511811,1,0.164017701
Failure,NA,NA,NA,0.173605427,NA,NA,NA,NA,0.829856,0.524889187,0.089404449,-0.362579122,NA,0.230382182,0.10301369,0.148181871,0.178090521,-0.026050011,0.164017701,1
